# step_id=10
# t=1.000000000000e-06
# Ts=3.079368931519e+02
# mpp=4.292008169980e-03
# Rd=9.999999114022e-05
#
phase,r,T,Y_N2,Y_O2,Y_NC7H16,Y_NC12H26,Y_n-Dodecane
gas,1.009999911402e-04,3.429435751923e+02,7.899117658243e-01,2.100882341757e-01,1.002876335742e-14,1.021170435283e-14,
gas,1.030005433006e-04,4.057160454930e+02,7.899999999815e-01,1.008223265128e-14,1.845007268397e-11,2.100000000000e-01,
gas,1.050033059325e-04,4.598790775781e+02,7.883143702268e-01,1.685629804454e-03,2.099999999688e-01,1.003423644796e-14,
gas,1.070104968373e-04,5.077850215544e+02,7.899350571094e-01,2.100649428905e-01,1.004773864466e-14,1.003304629765e-14,
gas,1.090243485170e-04,5.507523748369e+02,7.899999999920e-01,1.004875260935e-14,7.993871716397e-12,2.100000000000e-01,
gas,1.110471156257e-04,5.895964677260e+02,7.891221555958e-01,8.778444238419e-04,2.099999999803e-01,1.000000000000e-14,
gas,1.130810825445e-04,6.248619476211e+02,7.899525342235e-01,2.100474657765e-01,1.005985058256e-14,1.000000000000e-14,
gas,1.151285711214e-04,6.569372857034e+02,7.899999999967e-01,1.000000000000e-14,3.262369109439e-12,2.100000000000e-01,
gas,1.171919486201e-04,6.861159487212e+02,7.895593216527e-01,4.406783588460e-04,2.099999999884e-01,1.005678553703e-14,
gas,1.192736359235e-04,7.126311500321e+02,7.899654963131e-01,2.100345036869e-01,1.003950434785e-14,1.005653169669e-14,
gas,1.213761160380e-04,7.366766115281e+02,7.899999999988e-01,1.005253571418e-14,1.249575299393e-12,2.100000000000e-01,
gas,1.235019429504e-04,7.584195253298e+02,7.897829086163e-01,2.170913901397e-04,2.099999999936e-01,1.000044648430e-14,
gas,1.256537508876e-04,7.780089739822e+02,7.899750326827e-01,2.100249673173e-01,1.005451870064e-14,1.000036238006e-14,
gas,1.278342640360e-04,7.955816002813e+02,7.899999999996e-01,1.000000000000e-14,4.489471758471e-13,2.100000000000e-01,
gas,1.300463067809e-04,8.112655436926e+02,7.898940880245e-01,1.059119788557e-04,2.099999999966e-01,1.007634746626e-14,
gas,1.322928145268e-04,8.251832341283e+02,7.899820078127e-01,2.100179921873e-01,1.002634989388e-14,1.007766903054e-14,
gas,1.345768451699e-04,8.374533905617e+02,7.899999999998e-01,1.000000000000e-14,1.532648455440e-13,2.100000000000e-01,
gas,1.369015912947e-04,8.481924290460e+02,7.899485629913e-01,5.143701039532e-05,2.099999999983e-01,1.003047293325e-14,
gas,1.392703931748e-04,8.575153992991e+02,7.899870865317e-01,2.100129134683e-01,1.005106397985e-14,1.002995083347e-14,
gas,1.416867526639e-04,8.655365183149e+02,7.899999999999e-01,1.000248536411e-14,5.281241890193e-14,2.100000000000e-01,
gas,1.441543480723e-04,8.723693411751e+02,7.899750450084e-01,2.495499232029e-05,2.099999999992e-01,1.000482897408e-14,
gas,1.466770501286e-04,8.781265964653e+02,7.899907703484e-01,2.100092296516e-01,1.004978502292e-14,1.000389043911e-14,
gas,1.492589391411e-04,8.829197124660e+02,7.900000000000e-01,1.003238309951e-14,2.164768284042e-14,2.100000000000e-01,
gas,1.519043234783e-04,8.868580677829e+02,7.899878657673e-01,1.213423307811e-05,2.099999999997e-01,1.021292701317e-14,
gas,1.546177595039e-04,8.900480138029e+02,7.899934329709e-01,2.100065670291e-01,1.004262956459e-14,1.021471050742e-14,
gas,1.574040731119e-04,8.925917334634e+02,7.900000000000e-01,1.005619097500e-14,1.286079977729e-14,2.100000000000e-01,
gas,1.602683830220e-04,8.945860180560e+02,7.899940614131e-01,5.938587055304e-06,2.099999999998e-01,1.013963087896e-14,
gas,1.632161260143e-04,8.961210572069e+02,7.899953506795e-01,2.100046493204e-01,1.001016151864e-14,1.013947484808e-14,
gas,1.662530842948e-04,8.972793435879e+02,7.900000000000e-01,1.000000000000e-14,1.057126434364e-14,2.100000000000e-01,
gas,1.693854152085e-04,8.981347897041e+02,7.899970558893e-01,2.944110750522e-06,2.099999999999e-01,1.005695136568e-14,
gas,1.726196835353e-04,8.987521385122e+02,7.899967266606e-01,2.100032733394e-01,1.006078546295e-14,1.005666285528e-14,
gas,1.759628966298e-04,8.991867228660e+02,7.900000000000e-01,1.008555382390e-14,1.016746620666e-14,2.100000000000e-01,
gas,1.794225426938e-04,8.994845939932e+02,7.899985071368e-01,1.492863225928e-06,2.100000000000e-01,1.005511047367e-14,
gas,1.830066324991e-04,8.996830011788e+02,7.899977098075e-01,2.100022901924e-01,1.004456601010e-14,1.005518963183e-14,
gas,1.867237449151e-04,8.998111694327e+02,7.900000000000e-01,1.002144473973e-14,1.005981439401e-14,2.100000000000e-01,
gas,1.905830766304e-04,8.998912947155e+02,7.899992154686e-01,7.845313897617e-07,2.100000000000e-01,1.000000000000e-14,
gas,1.945944965026e-04,8.999396613791e+02,7.899984089372e-01,2.100015910628e-01,1.007664505069e-14,1.000000000000e-14,
gas,1.987686050161e-04,8.999677854417e+02,7.900000000000e-01,1.007165780546e-14,1.007667520506e-14,2.100000000000e-01,
gas,2.031167993824e-04,8.999834990941e+02,7.899995662680e-01,4.337320092032e-07,2.100000000000e-01,1.000044013926e-14,
gas,2.076513448743e-04,8.999919129843e+02,7.899989034005e-01,2.100010965995e-01,1.006305689678e-14,1.000035221761e-14,
gas,2.123854530533e-04,8.999962185535e+02,7.900000000000e-01,1.000000000000e-14,1.006732100771e-14,2.100000000000e-01,
gas,2.173333676241e-04,8.999983180283e+02,7.899997446745e-01,2.553254520790e-07,2.100000000000e-01,1.008254358879e-14,
gas,2.225104587313e-04,8.999992905695e+02,7.899992509382e-01,2.100007490618e-01,1.006383936236e-14,1.008268786422e-14,
gas,2.279333266077e-04,8.999997171807e+02,7.900000000000e-01,1.000000000754e-14,1.006855556512e-14,2.100000000000e-01,
gas,2.336199155890e-04,8.999998937978e+02,7.899998394136e-01,1.605863610642e-07,2.100000000000e-01,1.000080912888e-14,
gas,2.395896396249e-04,8.999999625681e+02,7.899994934691e-01,2.100005065309e-01,1.001846529587e-14,1.000064790073e-14,
gas,2.458635205507e-04,8.999999876622e+02,7.900000000000e-01,1.007664487498e-14,1.001693994985e-14,2.100000000000e-01,
gas,2.524643405295e-04,8.999999962114e+02,7.899998929162e-01,1.070837930855e-07,2.100000000000e-01,1.002708498267e-14,
gas,2.594168102434e-04,8.999999989204e+02,7.899996613436e-01,2.100003386564e-01,1.006001174349e-14,1.002721866193e-14,
gas,2.667477545989e-04,8.999999997157e+02,7.900000000000e-01,1.010647785142e-14,1.005890110024e-14,2.100000000000e-01,
gas,2.744863179232e-04,8.999999999311e+02,7.899999254644e-01,7.453558303788e-08,2.100000000000e-01,1.005562421234e-14,
gas,2.826641908655e-04,8.999999999847e+02,7.899997764645e-01,2.100002235355e-01,1.001665451573e-14,1.005560197310e-14,
gas,2.913158614868e-04,8.999999999969e+02,7.900000000000e-01,1.005726408937e-14,1.001492313288e-14,2.100000000000e-01,
gas,3.004788933247e-04,8.999999999994e+02,7.899999467927e-01,5.320730476036e-08,2.100000000000e-01,1.000008674261e-14,
gas,3.101942335607e-04,8.999999999999e+02,7.899998545751e-01,2.100001454249e-01,1.008134062762e-14,1.000006922805e-14,
gas,3.205065548061e-04,9.000000000000e+02,7.900000000000e-01,1.000293213932e-14,1.008831823737e-14,2.100000000000e-01,
gas,3.314646344585e-04,9.000000000000e+02,7.899999616398e-01,3.836023137482e-08,2.100000000000e-01,1.000000000000e-14,
gas,3.431217760766e-04,9.000000000000e+02,7.899999069366e-01,2.100000930634e-01,1.005559748592e-14,1.000000000000e-14,
gas,3.555362777827e-04,9.000000000000e+02,7.900000000000e-01,1.009654599648e-14,1.005645070859e-14,2.100000000000e-01,
gas,3.687719533346e-04,9.000000000000e+02,7.899999723908e-01,2.760919150291e-08,2.100000000000e-01,1.002790119567e-14,
gas,3.828987122336e-04,9.000000000000e+02,7.899999415563e-01,2.100000584437e-01,1.001180711362e-14,1.002787199024e-14,
gas,3.979932060497e-04,9.000000000000e+02,7.900000000000e-01,1.003600500719e-14,1.001004964748e-14,2.100000000000e-01,
gas,4.141395490761e-04,9.000000000000e+02,7.899999803248e-01,1.967516082432e-08,2.100000000000e-01,1.005531278018e-14,
gas,4.314301224802e-04,9.000000000000e+02,7.899999640875e-01,2.100000359125e-01,1.000261697127e-14,1.005535250205e-14,
gas,4.499664723190e-04,9.000000000000e+02,7.900000000000e-01,1.004886243885e-14,1.000197497606e-14,2.100000000000e-01,
gas,4.698603131561e-04,9.000000000000e+02,7.899999861972e-01,1.380275153822e-08,2.100000000000e-01,1.008380079845e-14,
gas,4.912346505708e-04,9.000000000000e+02,7.899999784880e-01,2.100000215120e-01,1.000159204757e-14,1.008369363813e-14,
gas,5.142250376288e-04,9.000000000000e+02,7.900000000000e-01,1.011013401159e-14,1.000105958007e-14,2.100000000000e-01,
gas,5.389809824071e-04,9.000000000000e+02,7.899999905079e-01,9.492143038695e-09,2.100000000000e-01,1.044329010889e-14,
gas,5.656675259765e-04,9.000000000000e+02,7.899999875010e-01,2.100000124990e-01,1.000000000000e-14,1.044345061852e-14,
gas,5.944670128890e-04,9.000000000000e+02,7.900000000000e-01,1.002793197109e-14,1.000000000000e-14,2.100000000000e-01,
gas,6.255810792332e-04,9.000000000000e+02,7.899999936221e-01,6.377934608026e-09,2.100000000000e-01,1.002809594869e-14,
gas,6.592328867792e-04,9.000000000000e+02,7.899999930052e-01,2.100000069948e-01,1.010739492615e-14,1.002802760151e-14,
gas,6.956696356870e-04,9.000000000000e+02,7.900000000000e-01,1.010076410490e-14,1.010862752921e-14,2.100000000000e-01,
gas,7.351653927880e-04,9.000000000000e+02,7.899999958247e-01,4.175346565140e-09,2.100000000000e-01,1.002770706863e-14,
gas,7.780242776445e-04,9.000000000000e+02,7.899999962698e-01,2.100000037302e-01,1.010138163019e-14,1.002771679127e-14,
gas,8.245840545602e-04,9.000000000000e+02,7.900000000000e-01,1.003022072562e-14,1.010711655177e-14,2.100000000000e-01,
gas,8.752201855632e-04,9.000000000000e+02,7.899999973437e-01,2.656315981512e-09,2.100000000000e-01,1.008324418436e-14,
gas,9.303504072600e-04,9.000000000000e+02,7.899999981381e-01,2.100000018619e-01,1.000000000000e-14,1.008324872371e-14,
gas,9.904399035137e-04,9.000000000000e+02,7.900000000000e-01,1.001859944199e-14,1.000000000000e-14,2.100000000000e-01,
gas,1.056007156330e-03,9.000000000000e+02,7.899999983619e-01,1.638129152533e-09,2.100000000000e-01,1.002778852767e-14,
gas,1.127630569341e-03,9.000000000000e+02,7.899999991602e-01,2.100000008398e-01,1.000219238802e-14,1.002778189496e-14,
gas,1.205955972137e-03,9.000000000000e+02,7.900000000000e-01,1.008057211185e-14,1.000159058675e-14,2.100000000000e-01,
gas,1.291705129653e-03,9.000000000000e+02,7.899999990232e-01,9.767627601809e-10,2.100000000000e-01,1.002779486249e-14,
gas,1.385685399299e-03,9.000000000000e+02,7.899999996864e-01,2.100000003135e-01,1.000071912573e-14,1.002778696316e-14,
gas,1.488800699820e-03,9.000000000000e+02,7.900000000000e-01,1.011340731222e-14,1.000047152655e-14,2.100000000000e-01,
gas,1.602063980541e-03,9.000000000000e+02,7.899999994384e-01,5.616318640022e-10,2.100000000000e-01,1.013870436232e-14,
gas,1.726611408206e-03,9.000000000000e+02,7.899999999344e-01,2.100000000656e-01,1.006495571802e-14,1.013871914940e-14,
gas,1.863718521663e-03,9.000000000000e+02,7.900000000000e-01,1.002797109138e-14,1.006332463179e-14,2.100000000000e-01,
gas,2.014818643005e-03,9.000000000000e+02,7.899999996895e-01,3.105453369687e-10,2.100000000000e-01,1.008329047308e-14,
gas,2.181523878218e-03,9.000000000000e+02,7.900000000347e-01,2.099999999653e-01,1.012458366219e-14,1.008328569505e-14,
gas,2.365649092058e-03,9.000000000000e+02,7.900000000000e-01,1.006475424971e-14,1.012716753532e-14,2.100000000000e-01,
gas,2.569239301852e-03,9.000000000000e+02,7.899999998354e-01,1.646363985864e-10,2.100000000000e-01,1.008331825324e-14,
gas,2.794601004737e-03,9.000000000000e+02,7.900000000626e-01,2.099999999374e-01,1.000000000000e-14,1.008329816450e-14,
gas,3.044338034063e-03,9.000000000000e+02,7.900000000000e-01,1.001822200711e-14,1.000000000000e-14,2.100000000000e-01,
gas,3.321392635310e-03,9.000000000000e+02,7.899999999166e-01,8.342364247486e-11,2.100000000000e-01,1.032261511229e-14,
gas,3.629092562191e-03,9.000000000000e+02,7.900000000592e-01,2.099999999408e-01,1.008970804815e-14,1.026328223085e-14,
gas,3.971205122315e-03,9.000000000000e+02,7.900000000000e-01,1.002837574767e-14,1.008856187409e-14,2.100000000000e-01,
gas,4.351999252102e-03,9.000000000000e+02,7.899999999587e-01,4.026821342468e-11,2.100000000000e-01,1.000027754426e-12,
gas,4.776316876315e-03,9.000000000000e+02,7.900000000446e-01,2.099999999544e-01,1.020933757286e-14,1.000027754428e-12,
liq,7.589728119320e-06,3.000000000000e+02,,,,,0.000000000000e+00
liq,2.134553562469e-05,3.000000000000e+02,,,,,0.000000000000e+00
liq,3.257765509013e-05,3.000000000000e+02,,,,,0.000000000000e+00
liq,4.185294526403e-05,3.000000000000e+02,,,,,0.000000000000e+00
liq,4.959905185129e-05,3.000000000000e+02,,,,,0.000000000000e+00
liq,5.614133923991e-05,3.000000000000e+02,,,,,0.000000000000e+00
liq,6.172946235409e-05,3.000000000000e+02,,,,,0.000000000000e+00
liq,6.655663157974e-05,3.000000000000e+02,,,,,0.000000000000e+00
liq,7.077368695909e-05,3.000000000000e+02,,,,,0.000000000000e+00
liq,7.449945931936e-05,3.000000000000e+02,,,,,0.000000000000e+00
liq,7.782845759573e-05,3.000000000000e+02,,,,,0.000000000000e+00
liq,8.083661857961e-05,3.000000000000e+02,,,,,0.000000000000e+00
liq,8.358564450617e-05,3.000000000000e+02,,,,,0.000000000000e+00
liq,8.612630633141e-05,3.000000000000e+02,,,,,0.000000000000e+00
liq,8.850098668513e-05,3.000000000000e+02,,,,,0.000000000000e+00
liq,9.074566304243e-05,3.000000000007e+02,,,,,0.000000000000e+00
liq,9.289147956749e-05,3.000000001512e+02,,,,,0.000000000000e+00
liq,9.496601913451e-05,3.000000248608e+02,,,,,0.000000000000e+00
liq,9.699436095738e-05,3.000031896337e+02,,,,,0.000000000000e+00
liq,9.899999114022e-05,3.002947091720e+02,,,,,0.000000000000e+00
